(kicad_pcb (version 20171130) (host pcbnew "(5.0.2)-1")

  (general
    (thickness 1.6)
    (drawings 30)
    (tracks 265)
    (zones 0)
    (modules 23)
    (nets 51)
  )

  (page A4)
  (layers
    (0 Top signal)
    (31 Bottom signal)
    (32 B.Adhes user)
    (33 F.Adhes user)
    (34 B.Paste user)
    (35 F.Paste user)
    (36 B.SilkS user)
    (37 F.SilkS user)
    (38 B.Mask user)
    (39 F.Mask user)
    (40 Dwgs.User user)
    (41 Cmts.User user)
    (42 Eco1.User user)
    (43 Eco2.User user)
    (44 Edge.Cuts user)
    (45 Margin user)
    (46 B.CrtYd user)
    (47 F.CrtYd user)
    (48 B.Fab user)
    (49 F.Fab user)
  )

  (setup
    (last_trace_width 0.1524)
    (trace_clearance 0.1524)
    (zone_clearance 0.508)
    (zone_45_only no)
    (trace_min 0.1524)
    (segment_width 0.1)
    (edge_width 0.15)
    (via_size 0.6)
    (via_drill 0.3)
    (via_min_size 0.6)
    (via_min_drill 0.3)
    (uvia_size 0.6)
    (uvia_drill 0.3)
    (uvias_allowed no)
    (uvia_min_size 0.2)
    (uvia_min_drill 0.1)
    (pcb_text_width 0.3)
    (pcb_text_size 1.5 1.5)
    (mod_edge_width 0.15)
    (mod_text_size 1 1)
    (mod_text_width 0.15)
    (pad_size 2.7 2.7)
    (pad_drill 2.7)
    (pad_to_mask_clearance 0.0508)
    (solder_mask_min_width 0.25)
    (aux_axis_origin 113.75 82.5)
    (visible_elements 7FFFEFFF)
    (pcbplotparams
      (layerselection 0x010fc_ffffffff)
      (usegerberextensions false)
      (usegerberattributes false)
      (usegerberadvancedattributes false)
      (creategerberjobfile false)
      (excludeedgelayer true)
      (linewidth 0.100000)
      (plotframeref false)
      (viasonmask false)
      (mode 1)
      (useauxorigin false)
      (hpglpennumber 1)
      (hpglpenspeed 20)
      (hpglpendiameter 15.000000)
      (psnegative false)
      (psa4output false)
      (plotreference true)
      (plotvalue true)
      (plotinvisibletext false)
      (padsonsilk false)
      (subtractmaskfromsilk false)
      (outputformat 1)
      (mirror false)
      (drillshape 0)
      (scaleselection 1)
      (outputdirectory "gerber/"))
  )

  (net 0 "")
  (net 1 GND)
  (net 2 VBUS)
  (net 3 +3V3)
  (net 4 "Net-(J1-Pad6)")
  (net 5 /TXD)
  (net 6 /RXD)
  (net 7 "Net-(J2-PadT)")
  (net 8 "Net-(J2-PadR)")
  (net 9 "Net-(R1-Pad2)")
  (net 10 /SENSOR)
  (net 11 "Net-(R2-Pad2)")
  (net 12 /RELAY_AUX)
  (net 13 /RELAY_NC)
  (net 14 "Net-(R4-Pad2)")
  (net 15 "Net-(SW1-Pad1)")
  (net 16 /RELAY_NO)
  (net 17 "Net-(U4-Pad4)")
  (net 18 "Net-(U4-Pad5)")
  (net 19 "Net-(U4-Pad6)")
  (net 20 "Net-(U4-Pad7)")
  (net 21 "Net-(U4-Pad8)")
  (net 22 "Net-(U4-Pad9)")
  (net 23 "Net-(U4-Pad12)")
  (net 24 "Net-(U4-Pad16)")
  (net 25 "Net-(U4-Pad17)")
  (net 26 "Net-(U4-Pad18)")
  (net 27 "Net-(U4-Pad19)")
  (net 28 "Net-(U4-Pad20)")
  (net 29 "Net-(U4-Pad21)")
  (net 30 "Net-(U4-Pad22)")
  (net 31 "Net-(U4-Pad23)")
  (net 32 "Net-(U4-Pad24)")
  (net 33 "Net-(U4-Pad26)")
  (net 34 "Net-(U4-Pad27)")
  (net 35 "Net-(U4-Pad30)")
  (net 36 "Net-(U4-Pad31)")
  (net 37 "Net-(U4-Pad32)")
  (net 38 "Net-(U4-Pad33)")
  (net 39 "Net-(U4-Pad36)")
  (net 40 "Net-(U4-Pad37)")
  (net 41 "Net-(J1-Pad2)")
  (net 42 "Net-(J1-Pad3)")
  (net 43 "Net-(J1-Pad4)")
  (net 44 "Net-(J2-PadS)")
  (net 45 "Net-(SW1-Pad3)")
  (net 46 "Net-(SW2-Pad3)")
  (net 47 "Net-(R9-Pad1)")
  (net 48 "Net-(SW4-Pad1)")
  (net 49 "Net-(BZ1-Pad1)")
  (net 50 "Net-(R3-Pad2)")

  (net_class Default "This is the default net class."
    (clearance 0.1524)
    (trace_width 0.1524)
    (via_dia 0.6)
    (via_drill 0.3)
    (uvia_dia 0.6)
    (uvia_drill 0.3)
    (diff_pair_gap 0.1524)
    (diff_pair_width 0.1524)
    (add_net /RELAY_AUX)
    (add_net /RELAY_NC)
    (add_net /RELAY_NO)
    (add_net /RXD)
    (add_net /SENSOR)
    (add_net /TXD)
    (add_net "Net-(BZ1-Pad1)")
    (add_net "Net-(J1-Pad2)")
    (add_net "Net-(J1-Pad3)")
    (add_net "Net-(J1-Pad4)")
    (add_net "Net-(J1-Pad6)")
    (add_net "Net-(J2-PadR)")
    (add_net "Net-(J2-PadS)")
    (add_net "Net-(J2-PadT)")
    (add_net "Net-(R1-Pad2)")
    (add_net "Net-(R2-Pad2)")
    (add_net "Net-(R3-Pad2)")
    (add_net "Net-(R4-Pad2)")
    (add_net "Net-(R9-Pad1)")
    (add_net "Net-(SW1-Pad1)")
    (add_net "Net-(SW1-Pad3)")
    (add_net "Net-(SW2-Pad3)")
    (add_net "Net-(SW4-Pad1)")
    (add_net "Net-(U4-Pad12)")
    (add_net "Net-(U4-Pad16)")
    (add_net "Net-(U4-Pad17)")
    (add_net "Net-(U4-Pad18)")
    (add_net "Net-(U4-Pad19)")
    (add_net "Net-(U4-Pad20)")
    (add_net "Net-(U4-Pad21)")
    (add_net "Net-(U4-Pad22)")
    (add_net "Net-(U4-Pad23)")
    (add_net "Net-(U4-Pad24)")
    (add_net "Net-(U4-Pad26)")
    (add_net "Net-(U4-Pad27)")
    (add_net "Net-(U4-Pad30)")
    (add_net "Net-(U4-Pad31)")
    (add_net "Net-(U4-Pad32)")
    (add_net "Net-(U4-Pad33)")
    (add_net "Net-(U4-Pad36)")
    (add_net "Net-(U4-Pad37)")
    (add_net "Net-(U4-Pad4)")
    (add_net "Net-(U4-Pad5)")
    (add_net "Net-(U4-Pad6)")
    (add_net "Net-(U4-Pad7)")
    (add_net "Net-(U4-Pad8)")
    (add_net "Net-(U4-Pad9)")
  )

  (net_class Power ""
    (clearance 0.16)
    (trace_width 0.25)
    (via_dia 0.6)
    (via_drill 0.3)
    (uvia_dia 0.6)
    (uvia_drill 0.3)
    (diff_pair_gap 0.1524)
    (diff_pair_width 0.1524)
    (add_net +3V3)
    (add_net GND)
    (add_net VBUS)
  )

  (module !Custom:FTDI-3Pin (layer Bottom) (tedit 5C819A4E) (tstamp 5C9BC256)
    (at 116 96.75)
    (descr "Through hole straight socket strip, 1x03, 2.54mm pitch, single row (from Kicad 4.0.7), script generated")
    (tags "Through hole socket strip THT 1x03 2.54mm single row")
    (path /5C820512)
    (fp_text reference J3 (at 0 2.77) (layer B.SilkS)
      (effects (font (size 1 1) (thickness 0.15)) (justify mirror))
    )
    (fp_text value FTDI (at 0 -7.85) (layer B.Fab)
      (effects (font (size 1 1) (thickness 0.15)) (justify mirror))
    )
    (fp_text user GND (at 2.3 -2.6) (layer B.SilkS)
      (effects (font (size 0.5 0.5) (thickness 0.07)) (justify mirror))
    )
    (fp_text user %R (at 0 -2.54 -90) (layer B.Fab)
      (effects (font (size 1 1) (thickness 0.15)) (justify mirror))
    )
    (fp_line (start -1.8 -6.85) (end -1.8 1.8) (layer B.CrtYd) (width 0.05))
    (fp_line (start 1.75 -6.85) (end -1.8 -6.85) (layer B.CrtYd) (width 0.05))
    (fp_line (start 1.75 1.8) (end 1.75 -6.85) (layer B.CrtYd) (width 0.05))
    (fp_line (start -1.8 1.8) (end 1.75 1.8) (layer B.CrtYd) (width 0.05))
    (fp_line (start 0 1.33) (end 1.33 1.33) (layer B.SilkS) (width 0.12))
    (fp_line (start 1.33 1.33) (end 1.33 0) (layer B.SilkS) (width 0.12))
    (fp_line (start 1.33 -1.27) (end 1.33 -6.41) (layer B.SilkS) (width 0.12))
    (fp_line (start -1.33 -6.41) (end 1.33 -6.41) (layer B.SilkS) (width 0.12))
    (fp_line (start -1.33 -1.27) (end -1.33 -6.41) (layer B.SilkS) (width 0.12))
    (fp_line (start -1.33 -1.27) (end 1.33 -1.27) (layer B.SilkS) (width 0.12))
    (fp_line (start -1.27 -6.35) (end -1.27 1.27) (layer B.Fab) (width 0.1))
    (fp_line (start 1.27 -6.35) (end -1.27 -6.35) (layer B.Fab) (width 0.1))
    (fp_line (start 1.27 0.635) (end 1.27 -6.35) (layer B.Fab) (width 0.1))
    (fp_line (start 0.635 1.27) (end 1.27 0.635) (layer B.Fab) (width 0.1))
    (fp_line (start -1.27 1.27) (end 0.635 1.27) (layer B.Fab) (width 0.1))
    (pad 3 thru_hole oval (at 0 -5.08) (size 1.7 1.7) (drill 1) (layers *.Cu *.Mask)
      (net 5 /TXD))
    (pad 2 thru_hole oval (at 0 -2.54) (size 1.7 1.7) (drill 1) (layers *.Cu *.Mask)
      (net 1 GND))
    (pad 1 thru_hole rect (at 0 0) (size 1.7 1.7) (drill 1) (layers *.Cu *.Mask)
      (net 6 /RXD))
    (model ${KISYS3DMOD}/Connector_PinHeader_2.54mm.3dshapes/PinHeader_1x03_P2.54mm_Vertical.wrl
      (at (xyz 0 0 0))
      (scale (xyz 1 1 1))
      (rotate (xyz 0 0 0))
    )
  )

  (module Buzzer_Beeper:Buzzer_CUI_CPT-9019S-SMT (layer Top) (tedit 5C12D246) (tstamp 5C8E8508)
    (at 119 133 270)
    (descr https://www.cui.com/product/resource/cpt-9019s-smt.pdf)
    (tags "buzzer piezo")
    (path /5C81CA32)
    (attr smd)
    (fp_text reference BZ1 (at -0.25 -0.5 270) (layer F.SilkS)
      (effects (font (size 1 1) (thickness 0.15)))
    )
    (fp_text value Buzzer (at 0 5.5 270) (layer F.Fab)
      (effects (font (size 1 1) (thickness 0.15)))
    )
    (fp_line (start -4.6 -4.6) (end 4.6 -4.6) (layer F.SilkS) (width 0.12))
    (fp_line (start 4.6 -4.6) (end 4.6 -2.4) (layer F.SilkS) (width 0.12))
    (fp_line (start 4.6 4.6) (end -4.6 4.6) (layer F.SilkS) (width 0.12))
    (fp_line (start 4.6 2.4) (end 4.6 4.6) (layer F.SilkS) (width 0.12))
    (fp_line (start -4.6 2.4) (end -4.6 4.6) (layer F.SilkS) (width 0.12))
    (fp_line (start -4.6 -4.6) (end -4.6 -2.4) (layer F.SilkS) (width 0.12))
    (fp_line (start 4.5 -4.5) (end -3.5 -4.5) (layer F.Fab) (width 0.1))
    (fp_line (start -4.5 -3.5) (end -4.5 4.5) (layer F.Fab) (width 0.1))
    (fp_line (start -4.5 4.5) (end 4.5 4.5) (layer F.Fab) (width 0.1))
    (fp_line (start 4.5 4.5) (end 4.5 -4.5) (layer F.Fab) (width 0.1))
    (fp_line (start -3.5 -4.5) (end -4.5 -3.5) (layer F.Fab) (width 0.1))
    (fp_line (start -4.6 -2.4) (end -5 -2.4) (layer F.SilkS) (width 0.12))
    (fp_line (start 4.75 -4.75) (end 4.75 -2.35) (layer F.CrtYd) (width 0.05))
    (fp_line (start 4.75 4.75) (end -4.75 4.75) (layer F.CrtYd) (width 0.05))
    (fp_line (start -4.75 4.75) (end -4.75 2.35) (layer F.CrtYd) (width 0.05))
    (fp_line (start -4.75 2.35) (end -5.25 2.35) (layer F.CrtYd) (width 0.05))
    (fp_line (start -5.25 2.35) (end -5.25 -2.35) (layer F.CrtYd) (width 0.05))
    (fp_line (start -5.25 -2.35) (end -4.75 -2.35) (layer F.CrtYd) (width 0.05))
    (fp_line (start -4.75 -2.35) (end -4.75 -4.75) (layer F.CrtYd) (width 0.05))
    (fp_line (start -4.75 -4.75) (end 4.75 -4.75) (layer F.CrtYd) (width 0.05))
    (fp_line (start 4.75 -2.35) (end 5.25 -2.35) (layer F.CrtYd) (width 0.05))
    (fp_line (start 5.25 -2.35) (end 5.25 2.35) (layer F.CrtYd) (width 0.05))
    (fp_line (start 5.25 2.35) (end 4.75 2.35) (layer F.CrtYd) (width 0.05))
    (fp_line (start 4.75 2.35) (end 4.75 4.75) (layer F.CrtYd) (width 0.05))
    (fp_text user %R (at 0 0 270) (layer F.Fab)
      (effects (font (size 1 1) (thickness 0.15)))
    )
    (pad 1 smd rect (at -4 0 270) (size 2 4.2) (layers Top F.Paste F.Mask)
      (net 49 "Net-(BZ1-Pad1)"))
    (pad 2 smd rect (at 4 0 270) (size 2 4.2) (layers Top F.Paste F.Mask)
      (net 1 GND))
    (model ${KISYS3DMOD}/Buzzer_Beeper.3dshapes/Buzzer_CUI_CPT-9019S-SMT.wrl
      (at (xyz 0 0 0))
      (scale (xyz 1 1 1))
      (rotate (xyz 0 0 0))
    )
  )

  (module Resistor_SMD:R_1206_3216Metric (layer Top) (tedit 5B301BBD) (tstamp 5C8E79E8)
    (at 122.75 124.4 90)
    (descr "Resistor SMD 1206 (3216 Metric), square (rectangular) end terminal, IPC_7351 nominal, (Body size source: http://www.tortai-tech.com/upload/download/2011102023233369053.pdf), generated with kicad-footprint-generator")
    (tags resistor)
    (path /5C81CCE7)
    (attr smd)
    (fp_text reference R3 (at -3.35 0 90) (layer F.SilkS)
      (effects (font (size 1 1) (thickness 0.15)))
    )
    (fp_text value 1k (at 0 1.82 90) (layer F.Fab)
      (effects (font (size 1 1) (thickness 0.15)))
    )
    (fp_line (start -1.6 0.8) (end -1.6 -0.8) (layer F.Fab) (width 0.1))
    (fp_line (start -1.6 -0.8) (end 1.6 -0.8) (layer F.Fab) (width 0.1))
    (fp_line (start 1.6 -0.8) (end 1.6 0.8) (layer F.Fab) (width 0.1))
    (fp_line (start 1.6 0.8) (end -1.6 0.8) (layer F.Fab) (width 0.1))
    (fp_line (start -0.602064 -0.91) (end 0.602064 -0.91) (layer F.SilkS) (width 0.12))
    (fp_line (start -0.602064 0.91) (end 0.602064 0.91) (layer F.SilkS) (width 0.12))
    (fp_line (start -2.28 1.12) (end -2.28 -1.12) (layer F.CrtYd) (width 0.05))
    (fp_line (start -2.28 -1.12) (end 2.28 -1.12) (layer F.CrtYd) (width 0.05))
    (fp_line (start 2.28 -1.12) (end 2.28 1.12) (layer F.CrtYd) (width 0.05))
    (fp_line (start 2.28 1.12) (end -2.28 1.12) (layer F.CrtYd) (width 0.05))
    (fp_text user %R (at 0 0 90) (layer F.Fab)
      (effects (font (size 0.8 0.8) (thickness 0.12)))
    )
    (pad 1 smd roundrect (at -1.4 0 90) (size 1.25 1.75) (layers Top F.Paste F.Mask) (roundrect_rratio 0.2)
      (net 49 "Net-(BZ1-Pad1)"))
    (pad 2 smd roundrect (at 1.4 0 90) (size 1.25 1.75) (layers Top F.Paste F.Mask) (roundrect_rratio 0.2)
      (net 50 "Net-(R3-Pad2)"))
    (model ${KISYS3DMOD}/Resistor_SMD.3dshapes/R_1206_3216Metric.wrl
      (at (xyz 0 0 0))
      (scale (xyz 1 1 1))
      (rotate (xyz 0 0 0))
    )
  )

  (module Connector_Audio:Jack_3.5mm_CUI_SJ-3523-SMT_Horizontal (layer Top) (tedit 5C635420) (tstamp 5C996483)
    (at 120.1 113.8 90)
    (descr "3.5 mm, Stereo, Right Angle, Surface Mount (SMT), Audio Jack Connector (https://www.cui.com/product/resource/sj-352x-smt-series.pdf)")
    (tags "3.5mm audio cui horizontal jack stereo")
    (path /5C5E2DCF)
    (attr smd)
    (fp_text reference J2 (at 0 -9.9 90) (layer F.SilkS)
      (effects (font (size 1 1) (thickness 0.15)))
    )
    (fp_text value STATION (at 0 10.35 90) (layer F.Fab)
      (effects (font (size 1 1) (thickness 0.15)))
    )
    (fp_line (start 3 -6) (end 3 8.5) (layer F.Fab) (width 0.1))
    (fp_line (start 3 8.5) (end -3 8.5) (layer F.Fab) (width 0.1))
    (fp_line (start -3 8.5) (end -3 -6) (layer F.Fab) (width 0.1))
    (fp_line (start -3 -6) (end -2.5 -6) (layer F.Fab) (width 0.1))
    (fp_line (start -2.5 -6) (end -2.5 -8.5) (layer F.Fab) (width 0.1))
    (fp_line (start -2.5 -8.5) (end 2.5 -8.5) (layer F.Fab) (width 0.1))
    (fp_line (start 2.5 -8.5) (end 2.5 -6) (layer F.Fab) (width 0.1))
    (fp_line (start 2.5 -6) (end 3 -6) (layer F.Fab) (width 0.1))
    (fp_line (start 5.6 -9) (end 5.6 9) (layer F.CrtYd) (width 0.05))
    (fp_line (start 5.6 9) (end -5.6 9) (layer F.CrtYd) (width 0.05))
    (fp_line (start -5.6 9) (end -5.6 -9) (layer F.CrtYd) (width 0.05))
    (fp_line (start -5.6 -9) (end 5.6 -9) (layer F.CrtYd) (width 0.05))
    (fp_text user %R (at 0 0 90) (layer F.Fab)
      (effects (font (size 1 1) (thickness 0.15)))
    )
    (fp_line (start -3.1 -4.9) (end -3.1 -6.1) (layer F.SilkS) (width 0.12))
    (fp_line (start -3.1 -6.1) (end -2.6 -6.1) (layer F.SilkS) (width 0.12))
    (fp_line (start -2.6 -6.1) (end -2.6 -8.6) (layer F.SilkS) (width 0.12))
    (fp_line (start -2.6 -8.6) (end 2.6 -8.6) (layer F.SilkS) (width 0.12))
    (fp_line (start 2.6 -8.6) (end 2.6 -6.1) (layer F.SilkS) (width 0.12))
    (fp_line (start 2.6 -6.1) (end 3.1 -6.1) (layer F.SilkS) (width 0.12))
    (fp_line (start 3.1 -6.1) (end 3.1 -2.9) (layer F.SilkS) (width 0.12))
    (fp_line (start 3.1 -0.3) (end 3.1 8.6) (layer F.SilkS) (width 0.12))
    (fp_line (start 3.1 8.6) (end -3.1 8.6) (layer F.SilkS) (width 0.12))
    (fp_line (start -3.1 8.6) (end -3.1 7.4) (layer F.SilkS) (width 0.12))
    (fp_line (start -3.1 4.2) (end -3.1 -2.3) (layer F.SilkS) (width 0.12))
    (fp_line (start -3.1 -4.9) (end -5.1 -4.9) (layer F.SilkS) (width 0.12))
    (fp_line (start -3.1 -2.3) (end -5.1 -2.3) (layer F.SilkS) (width 0.12))
    (pad R smd rect (at 3.7 -1.6 90) (size 2.8 2.2) (layers Top F.Paste F.Mask)
      (net 8 "Net-(J2-PadR)"))
    (pad S smd rect (at -3.7 -3.6 90) (size 2.8 2.2) (layers Top F.Paste F.Mask)
      (net 44 "Net-(J2-PadS)"))
    (pad T smd rect (at -3.7 5.8 90) (size 2.8 2.8) (layers Top F.Paste F.Mask)
      (net 7 "Net-(J2-PadT)"))
    (pad "" np_thru_hole circle (at 0 -2.5 90) (size 1.7 1.7) (drill 1.7) (layers *.Cu *.Mask))
    (pad "" np_thru_hole circle (at 0 4.5 90) (size 1.7 1.7) (drill 1.7) (layers *.Cu *.Mask))
    (model ${KISYS3DMOD}/Connector_Audio.3dshapes/Jack_3.5mm_CUI_SJ-3523-SMT_Horizontal.wrl
      (at (xyz 0 0 0))
      (scale (xyz 1 1 1))
      (rotate (xyz 0 0 0))
    )
  )

  (module !Custom:OMRON_SS-01-E (layer Bottom) (tedit 5C7F23BD) (tstamp 5C79C1E6)
    (at 135.25 139.5 270)
    (path /5C657B85)
    (fp_text reference SW1 (at 0.2 4.5 270) (layer B.SilkS)
      (effects (font (size 1 1) (thickness 0.15)) (justify mirror))
    )
    (fp_text value SW_SPDT (at -0.5 -4.8 270) (layer B.Fab)
      (effects (font (size 1 1) (thickness 0.15)) (justify mirror))
    )
    (fp_line (start -3.3 2.5) (end -5.4 2.5) (layer B.Fab) (width 0.15))
    (fp_line (start -3.3 -2.3) (end -3.3 2.5) (layer B.Fab) (width 0.15))
    (fp_line (start -5.4 -2.3) (end -3.3 -2.3) (layer B.Fab) (width 0.15))
    (fp_line (start -5.4 2.5) (end -5.4 -2.3) (layer B.Fab) (width 0.15))
    (fp_line (start -11 -3.8) (end -11 3.8) (layer B.CrtYd) (width 0.15))
    (fp_line (start 10 -3.8) (end -11 -3.8) (layer B.CrtYd) (width 0.15))
    (fp_line (start 10 3.8) (end 10 -3.8) (layer B.CrtYd) (width 0.15))
    (fp_line (start -11 3.8) (end 10 3.8) (layer B.CrtYd) (width 0.15))
    (fp_line (start 9.4 3.2) (end -10.4 3.2) (layer B.Fab) (width 0.15))
    (fp_line (start 9.4 -3.2) (end 9.4 3.2) (layer B.Fab) (width 0.15))
    (fp_line (start -10.4 -3.2) (end 9.4 -3.2) (layer B.Fab) (width 0.15))
    (fp_line (start -10.4 3.2) (end -10.4 -3.2) (layer B.Fab) (width 0.15))
    (pad 3 thru_hole circle (at 7.3 0 270) (size 4 4) (drill oval 0.8 3.5) (layers *.Cu *.Mask)
      (net 45 "Net-(SW1-Pad3)"))
    (pad 2 thru_hole circle (at 0 0 270) (size 4 4) (drill oval 0.8 3.5) (layers *.Cu *.Mask)
      (net 7 "Net-(J2-PadT)"))
    (pad 1 thru_hole circle (at -8.8 0 270) (size 4 4) (drill oval 0.8 3.5) (layers *.Cu *.Mask)
      (net 15 "Net-(SW1-Pad1)"))
    (model ${KISYS3DMOD}/Button_Switch_THT.3dshapes/SS_01_E.step
      (offset (xyz 3.95 0 2.9))
      (scale (xyz 1 1 1))
      (rotate (xyz -90 0 0))
    )
  )

  (module !Custom:OMRON_SS-01-E (layer Bottom) (tedit 5C7F23BD) (tstamp 5C8BFC1B)
    (at 126.75 139.5 270)
    (path /5C65D749)
    (fp_text reference SW2 (at 0.2 4.5 270) (layer B.SilkS)
      (effects (font (size 1 1) (thickness 0.15)) (justify mirror))
    )
    (fp_text value SW_SPDT (at -0.5 -4.8 270) (layer B.Fab)
      (effects (font (size 1 1) (thickness 0.15)) (justify mirror))
    )
    (fp_line (start -3.3 2.5) (end -5.4 2.5) (layer B.Fab) (width 0.15))
    (fp_line (start -3.3 -2.3) (end -3.3 2.5) (layer B.Fab) (width 0.15))
    (fp_line (start -5.4 -2.3) (end -3.3 -2.3) (layer B.Fab) (width 0.15))
    (fp_line (start -5.4 2.5) (end -5.4 -2.3) (layer B.Fab) (width 0.15))
    (fp_line (start -11 -3.8) (end -11 3.8) (layer B.CrtYd) (width 0.15))
    (fp_line (start 10 -3.8) (end -11 -3.8) (layer B.CrtYd) (width 0.15))
    (fp_line (start 10 3.8) (end 10 -3.8) (layer B.CrtYd) (width 0.15))
    (fp_line (start -11 3.8) (end 10 3.8) (layer B.CrtYd) (width 0.15))
    (fp_line (start 9.4 3.2) (end -10.4 3.2) (layer B.Fab) (width 0.15))
    (fp_line (start 9.4 -3.2) (end 9.4 3.2) (layer B.Fab) (width 0.15))
    (fp_line (start -10.4 -3.2) (end 9.4 -3.2) (layer B.Fab) (width 0.15))
    (fp_line (start -10.4 3.2) (end -10.4 -3.2) (layer B.Fab) (width 0.15))
    (pad 3 thru_hole circle (at 7.3 0 270) (size 4 4) (drill oval 0.8 3.5) (layers *.Cu *.Mask)
      (net 46 "Net-(SW2-Pad3)"))
    (pad 2 thru_hole circle (at 0 0 270) (size 4 4) (drill oval 0.8 3.5) (layers *.Cu *.Mask)
      (net 9 "Net-(R1-Pad2)"))
    (pad 1 thru_hole circle (at -8.8 0 270) (size 4 4) (drill oval 0.8 3.5) (layers *.Cu *.Mask)
      (net 1 GND))
    (model ${KISYS3DMOD}/Button_Switch_THT.3dshapes/SS_01_E.step
      (offset (xyz 3.95 0 2.9))
      (scale (xyz 1 1 1))
      (rotate (xyz -90 0 0))
    )
  )

  (module MountingHole:MountingHole_2.7mm_M2.5 locked (layer Bottom) (tedit 5C7F2360) (tstamp 5C8C40D8)
    (at 124.5 107)
    (descr "Mounting Hole 2.7mm, no annular, M2.5")
    (tags "mounting hole 2.7mm no annular m2.5")
    (attr virtual)
    (fp_text reference REF** (at 0 3.7) (layer B.SilkS) hide
      (effects (font (size 1 1) (thickness 0.15)) (justify mirror))
    )
    (fp_text value MountingHole_2.7mm_M2.5 (at 0 -3.7) (layer B.Fab)
      (effects (font (size 1 1) (thickness 0.15)) (justify mirror))
    )
    (fp_circle (center 0 0) (end 2.95 0) (layer B.CrtYd) (width 0.05))
    (fp_circle (center 0 0) (end 2.7 0) (layer Cmts.User) (width 0.15))
    (fp_text user %R (at 0.25 0) (layer B.Fab)
      (effects (font (size 1 1) (thickness 0.15)) (justify mirror))
    )
    (pad "" np_thru_hole circle (at 0 0) (size 2.7 2.7) (drill 2.7) (layers *.Cu *.Mask))
  )

  (module Capacitor_SMD:C_1206_3216Metric (layer Bottom) (tedit 5B301BBE) (tstamp 5C8C7112)
    (at 132.85 91.5 180)
    (descr "Capacitor SMD 1206 (3216 Metric), square (rectangular) end terminal, IPC_7351 nominal, (Body size source: http://www.tortai-tech.com/upload/download/2011102023233369053.pdf), generated with kicad-footprint-generator")
    (tags capacitor)
    (path /5C5D31C9)
    (attr smd)
    (fp_text reference C1 (at 0 1.82 180) (layer B.SilkS)
      (effects (font (size 1 1) (thickness 0.15)) (justify mirror))
    )
    (fp_text value 4.7uF (at 0 -1.82 180) (layer B.Fab)
      (effects (font (size 1 1) (thickness 0.15)) (justify mirror))
    )
    (fp_line (start -1.6 -0.8) (end -1.6 0.8) (layer B.Fab) (width 0.1))
    (fp_line (start -1.6 0.8) (end 1.6 0.8) (layer B.Fab) (width 0.1))
    (fp_line (start 1.6 0.8) (end 1.6 -0.8) (layer B.Fab) (width 0.1))
    (fp_line (start 1.6 -0.8) (end -1.6 -0.8) (layer B.Fab) (width 0.1))
    (fp_line (start -0.602064 0.91) (end 0.602064 0.91) (layer B.SilkS) (width 0.12))
    (fp_line (start -0.602064 -0.91) (end 0.602064 -0.91) (layer B.SilkS) (width 0.12))
    (fp_line (start -2.28 -1.12) (end -2.28 1.12) (layer B.CrtYd) (width 0.05))
    (fp_line (start -2.28 1.12) (end 2.28 1.12) (layer B.CrtYd) (width 0.05))
    (fp_line (start 2.28 1.12) (end 2.28 -1.12) (layer B.CrtYd) (width 0.05))
    (fp_line (start 2.28 -1.12) (end -2.28 -1.12) (layer B.CrtYd) (width 0.05))
    (fp_text user %R (at 0 0 180) (layer B.Fab)
      (effects (font (size 0.8 0.8) (thickness 0.12)) (justify mirror))
    )
    (pad 1 smd roundrect (at -1.4 0 180) (size 1.25 1.75) (layers Bottom B.Paste B.Mask) (roundrect_rratio 0.2)
      (net 1 GND))
    (pad 2 smd roundrect (at 1.4 0 180) (size 1.25 1.75) (layers Bottom B.Paste B.Mask) (roundrect_rratio 0.2)
      (net 2 VBUS))
    (model ${KISYS3DMOD}/Capacitor_SMD.3dshapes/C_1206_3216Metric.wrl
      (at (xyz 0 0 0))
      (scale (xyz 1 1 1))
      (rotate (xyz 0 0 0))
    )
  )

  (module Capacitor_SMD:C_1206_3216Metric (layer Bottom) (tedit 5B301BBE) (tstamp 5C8C7004)
    (at 135.85 94.75 180)
    (descr "Capacitor SMD 1206 (3216 Metric), square (rectangular) end terminal, IPC_7351 nominal, (Body size source: http://www.tortai-tech.com/upload/download/2011102023233369053.pdf), generated with kicad-footprint-generator")
    (tags capacitor)
    (path /5C5D31D0)
    (attr smd)
    (fp_text reference C2 (at 0 1.82 180) (layer B.SilkS)
      (effects (font (size 1 1) (thickness 0.15)) (justify mirror))
    )
    (fp_text value 4.7uF (at 0 -1.82 180) (layer B.Fab)
      (effects (font (size 1 1) (thickness 0.15)) (justify mirror))
    )
    (fp_line (start -1.6 -0.8) (end -1.6 0.8) (layer B.Fab) (width 0.1))
    (fp_line (start -1.6 0.8) (end 1.6 0.8) (layer B.Fab) (width 0.1))
    (fp_line (start 1.6 0.8) (end 1.6 -0.8) (layer B.Fab) (width 0.1))
    (fp_line (start 1.6 -0.8) (end -1.6 -0.8) (layer B.Fab) (width 0.1))
    (fp_line (start -0.602064 0.91) (end 0.602064 0.91) (layer B.SilkS) (width 0.12))
    (fp_line (start -0.602064 -0.91) (end 0.602064 -0.91) (layer B.SilkS) (width 0.12))
    (fp_line (start -2.28 -1.12) (end -2.28 1.12) (layer B.CrtYd) (width 0.05))
    (fp_line (start -2.28 1.12) (end 2.28 1.12) (layer B.CrtYd) (width 0.05))
    (fp_line (start 2.28 1.12) (end 2.28 -1.12) (layer B.CrtYd) (width 0.05))
    (fp_line (start 2.28 -1.12) (end -2.28 -1.12) (layer B.CrtYd) (width 0.05))
    (fp_text user %R (at 0 0 180) (layer B.Fab)
      (effects (font (size 0.8 0.8) (thickness 0.12)) (justify mirror))
    )
    (pad 1 smd roundrect (at -1.4 0 180) (size 1.25 1.75) (layers Bottom B.Paste B.Mask) (roundrect_rratio 0.2)
      (net 3 +3V3))
    (pad 2 smd roundrect (at 1.4 0 180) (size 1.25 1.75) (layers Bottom B.Paste B.Mask) (roundrect_rratio 0.2)
      (net 1 GND))
    (model ${KISYS3DMOD}/Capacitor_SMD.3dshapes/C_1206_3216Metric.wrl
      (at (xyz 0 0 0))
      (scale (xyz 1 1 1))
      (rotate (xyz 0 0 0))
    )
  )

  (module Capacitor_SMD:C_1206_3216Metric (layer Bottom) (tedit 5B301BBE) (tstamp 5C8C8FA8)
    (at 116.25 87.35 270)
    (descr "Capacitor SMD 1206 (3216 Metric), square (rectangular) end terminal, IPC_7351 nominal, (Body size source: http://www.tortai-tech.com/upload/download/2011102023233369053.pdf), generated with kicad-footprint-generator")
    (tags capacitor)
    (path /5C5D35E4)
    (attr smd)
    (fp_text reference C3 (at 0 -2 270) (layer B.SilkS)
      (effects (font (size 1 1) (thickness 0.15)) (justify mirror))
    )
    (fp_text value 10uF (at 0 -1.82 270) (layer B.Fab)
      (effects (font (size 1 1) (thickness 0.15)) (justify mirror))
    )
    (fp_line (start -1.6 -0.8) (end -1.6 0.8) (layer B.Fab) (width 0.1))
    (fp_line (start -1.6 0.8) (end 1.6 0.8) (layer B.Fab) (width 0.1))
    (fp_line (start 1.6 0.8) (end 1.6 -0.8) (layer B.Fab) (width 0.1))
    (fp_line (start 1.6 -0.8) (end -1.6 -0.8) (layer B.Fab) (width 0.1))
    (fp_line (start -0.602064 0.91) (end 0.602064 0.91) (layer B.SilkS) (width 0.12))
    (fp_line (start -0.602064 -0.91) (end 0.602064 -0.91) (layer B.SilkS) (width 0.12))
    (fp_line (start -2.28 -1.12) (end -2.28 1.12) (layer B.CrtYd) (width 0.05))
    (fp_line (start -2.28 1.12) (end 2.28 1.12) (layer B.CrtYd) (width 0.05))
    (fp_line (start 2.28 1.12) (end 2.28 -1.12) (layer B.CrtYd) (width 0.05))
    (fp_line (start 2.28 -1.12) (end -2.28 -1.12) (layer B.CrtYd) (width 0.05))
    (fp_text user %R (at 0 0 270) (layer B.Fab)
      (effects (font (size 0.8 0.8) (thickness 0.12)) (justify mirror))
    )
    (pad 1 smd roundrect (at -1.4 0 270) (size 1.25 1.75) (layers Bottom B.Paste B.Mask) (roundrect_rratio 0.2)
      (net 1 GND))
    (pad 2 smd roundrect (at 1.4 0 270) (size 1.25 1.75) (layers Bottom B.Paste B.Mask) (roundrect_rratio 0.2)
      (net 3 +3V3))
    (model ${KISYS3DMOD}/Capacitor_SMD.3dshapes/C_1206_3216Metric.wrl
      (at (xyz 0 0 0))
      (scale (xyz 1 1 1))
      (rotate (xyz 0 0 0))
    )
  )

  (module Resistor_SMD:R_1206_3216Metric (layer Top) (tedit 5B301BBD) (tstamp 5C772B66)
    (at 125.5 124.4 270)
    (descr "Resistor SMD 1206 (3216 Metric), square (rectangular) end terminal, IPC_7351 nominal, (Body size source: http://www.tortai-tech.com/upload/download/2011102023233369053.pdf), generated with kicad-footprint-generator")
    (tags resistor)
    (path /5C641B55)
    (attr smd)
    (fp_text reference R1 (at 3.35 0 270) (layer F.SilkS)
      (effects (font (size 1 1) (thickness 0.15)))
    )
    (fp_text value 4.7k (at 0 1.82 270) (layer F.Fab)
      (effects (font (size 1 1) (thickness 0.15)))
    )
    (fp_text user %R (at 0 0 270) (layer F.Fab)
      (effects (font (size 0.8 0.8) (thickness 0.12)))
    )
    (fp_line (start 2.28 1.12) (end -2.28 1.12) (layer F.CrtYd) (width 0.05))
    (fp_line (start 2.28 -1.12) (end 2.28 1.12) (layer F.CrtYd) (width 0.05))
    (fp_line (start -2.28 -1.12) (end 2.28 -1.12) (layer F.CrtYd) (width 0.05))
    (fp_line (start -2.28 1.12) (end -2.28 -1.12) (layer F.CrtYd) (width 0.05))
    (fp_line (start -0.602064 0.91) (end 0.602064 0.91) (layer F.SilkS) (width 0.12))
    (fp_line (start -0.602064 -0.91) (end 0.602064 -0.91) (layer F.SilkS) (width 0.12))
    (fp_line (start 1.6 0.8) (end -1.6 0.8) (layer F.Fab) (width 0.1))
    (fp_line (start 1.6 -0.8) (end 1.6 0.8) (layer F.Fab) (width 0.1))
    (fp_line (start -1.6 -0.8) (end 1.6 -0.8) (layer F.Fab) (width 0.1))
    (fp_line (start -1.6 0.8) (end -1.6 -0.8) (layer F.Fab) (width 0.1))
    (pad 2 smd roundrect (at 1.4 0 270) (size 1.25 1.75) (layers Top F.Paste F.Mask) (roundrect_rratio 0.2)
      (net 9 "Net-(R1-Pad2)"))
    (pad 1 smd roundrect (at -1.4 0 270) (size 1.25 1.75) (layers Top F.Paste F.Mask) (roundrect_rratio 0.2)
      (net 10 /SENSOR))
    (model ${KISYS3DMOD}/Resistor_SMD.3dshapes/R_1206_3216Metric.wrl
      (at (xyz 0 0 0))
      (scale (xyz 1 1 1))
      (rotate (xyz 0 0 0))
    )
  )

  (module Resistor_SMD:R_1206_3216Metric (layer Bottom) (tedit 5B301BBD) (tstamp 5C8C1C16)
    (at 126.75 92.25 270)
    (descr "Resistor SMD 1206 (3216 Metric), square (rectangular) end terminal, IPC_7351 nominal, (Body size source: http://www.tortai-tech.com/upload/download/2011102023233369053.pdf), generated with kicad-footprint-generator")
    (tags resistor)
    (path /5C631D97)
    (attr smd)
    (fp_text reference R2 (at 0 -2 270) (layer B.SilkS)
      (effects (font (size 1 1) (thickness 0.15)) (justify mirror))
    )
    (fp_text value 4.7k (at 0 -1.82 270) (layer B.Fab)
      (effects (font (size 1 1) (thickness 0.15)) (justify mirror))
    )
    (fp_line (start -1.6 -0.8) (end -1.6 0.8) (layer B.Fab) (width 0.1))
    (fp_line (start -1.6 0.8) (end 1.6 0.8) (layer B.Fab) (width 0.1))
    (fp_line (start 1.6 0.8) (end 1.6 -0.8) (layer B.Fab) (width 0.1))
    (fp_line (start 1.6 -0.8) (end -1.6 -0.8) (layer B.Fab) (width 0.1))
    (fp_line (start -0.602064 0.91) (end 0.602064 0.91) (layer B.SilkS) (width 0.12))
    (fp_line (start -0.602064 -0.91) (end 0.602064 -0.91) (layer B.SilkS) (width 0.12))
    (fp_line (start -2.28 -1.12) (end -2.28 1.12) (layer B.CrtYd) (width 0.05))
    (fp_line (start -2.28 1.12) (end 2.28 1.12) (layer B.CrtYd) (width 0.05))
    (fp_line (start 2.28 1.12) (end 2.28 -1.12) (layer B.CrtYd) (width 0.05))
    (fp_line (start 2.28 -1.12) (end -2.28 -1.12) (layer B.CrtYd) (width 0.05))
    (fp_text user %R (at 0 0 270) (layer B.Fab)
      (effects (font (size 0.8 0.8) (thickness 0.12)) (justify mirror))
    )
    (pad 1 smd roundrect (at -1.4 0 270) (size 1.25 1.75) (layers Bottom B.Paste B.Mask) (roundrect_rratio 0.2)
      (net 1 GND))
    (pad 2 smd roundrect (at 1.4 0 270) (size 1.25 1.75) (layers Bottom B.Paste B.Mask) (roundrect_rratio 0.2)
      (net 11 "Net-(R2-Pad2)"))
    (model ${KISYS3DMOD}/Resistor_SMD.3dshapes/R_1206_3216Metric.wrl
      (at (xyz 0 0 0))
      (scale (xyz 1 1 1))
      (rotate (xyz 0 0 0))
    )
  )

  (module Resistor_SMD:R_1206_3216Metric (layer Bottom) (tedit 5B301BBD) (tstamp 5C8C1BE6)
    (at 123 92.25 90)
    (descr "Resistor SMD 1206 (3216 Metric), square (rectangular) end terminal, IPC_7351 nominal, (Body size source: http://www.tortai-tech.com/upload/download/2011102023233369053.pdf), generated with kicad-footprint-generator")
    (tags resistor)
    (path /5C63D13F)
    (attr smd)
    (fp_text reference R4 (at 0 -1.75 90) (layer B.SilkS)
      (effects (font (size 1 1) (thickness 0.15)) (justify mirror))
    )
    (fp_text value 4.7k (at 0 -1.82 90) (layer B.Fab)
      (effects (font (size 1 1) (thickness 0.15)) (justify mirror))
    )
    (fp_line (start -1.6 -0.8) (end -1.6 0.8) (layer B.Fab) (width 0.1))
    (fp_line (start -1.6 0.8) (end 1.6 0.8) (layer B.Fab) (width 0.1))
    (fp_line (start 1.6 0.8) (end 1.6 -0.8) (layer B.Fab) (width 0.1))
    (fp_line (start 1.6 -0.8) (end -1.6 -0.8) (layer B.Fab) (width 0.1))
    (fp_line (start -0.602064 0.91) (end 0.602064 0.91) (layer B.SilkS) (width 0.12))
    (fp_line (start -0.602064 -0.91) (end 0.602064 -0.91) (layer B.SilkS) (width 0.12))
    (fp_line (start -2.28 -1.12) (end -2.28 1.12) (layer B.CrtYd) (width 0.05))
    (fp_line (start -2.28 1.12) (end 2.28 1.12) (layer B.CrtYd) (width 0.05))
    (fp_line (start 2.28 1.12) (end 2.28 -1.12) (layer B.CrtYd) (width 0.05))
    (fp_line (start 2.28 -1.12) (end -2.28 -1.12) (layer B.CrtYd) (width 0.05))
    (fp_text user %R (at 0 0 90) (layer B.Fab)
      (effects (font (size 0.8 0.8) (thickness 0.12)) (justify mirror))
    )
    (pad 1 smd roundrect (at -1.4 0 90) (size 1.25 1.75) (layers Bottom B.Paste B.Mask) (roundrect_rratio 0.2)
      (net 13 /RELAY_NC))
    (pad 2 smd roundrect (at 1.4 0 90) (size 1.25 1.75) (layers Bottom B.Paste B.Mask) (roundrect_rratio 0.2)
      (net 14 "Net-(R4-Pad2)"))
    (model ${KISYS3DMOD}/Resistor_SMD.3dshapes/R_1206_3216Metric.wrl
      (at (xyz 0 0 0))
      (scale (xyz 1 1 1))
      (rotate (xyz 0 0 0))
    )
  )

  (module Resistor_SMD:R_1206_3216Metric (layer Bottom) (tedit 5B301BBD) (tstamp 5C83DDF8)
    (at 120.35 117.25 180)
    (descr "Resistor SMD 1206 (3216 Metric), square (rectangular) end terminal, IPC_7351 nominal, (Body size source: http://www.tortai-tech.com/upload/download/2011102023233369053.pdf), generated with kicad-footprint-generator")
    (tags resistor)
    (path /5C610A7F)
    (attr smd)
    (fp_text reference R5 (at 0 1.82 180) (layer B.SilkS)
      (effects (font (size 1 1) (thickness 0.15)) (justify mirror))
    )
    (fp_text value 4k7 (at 0 -1.82 180) (layer B.Fab)
      (effects (font (size 1 1) (thickness 0.15)) (justify mirror))
    )
    (fp_line (start -1.6 -0.8) (end -1.6 0.8) (layer B.Fab) (width 0.1))
    (fp_line (start -1.6 0.8) (end 1.6 0.8) (layer B.Fab) (width 0.1))
    (fp_line (start 1.6 0.8) (end 1.6 -0.8) (layer B.Fab) (width 0.1))
    (fp_line (start 1.6 -0.8) (end -1.6 -0.8) (layer B.Fab) (width 0.1))
    (fp_line (start -0.602064 0.91) (end 0.602064 0.91) (layer B.SilkS) (width 0.12))
    (fp_line (start -0.602064 -0.91) (end 0.602064 -0.91) (layer B.SilkS) (width 0.12))
    (fp_line (start -2.28 -1.12) (end -2.28 1.12) (layer B.CrtYd) (width 0.05))
    (fp_line (start -2.28 1.12) (end 2.28 1.12) (layer B.CrtYd) (width 0.05))
    (fp_line (start 2.28 1.12) (end 2.28 -1.12) (layer B.CrtYd) (width 0.05))
    (fp_line (start 2.28 -1.12) (end -2.28 -1.12) (layer B.CrtYd) (width 0.05))
    (fp_text user %R (at 0 0 180) (layer B.Fab)
      (effects (font (size 0.8 0.8) (thickness 0.12)) (justify mirror))
    )
    (pad 1 smd roundrect (at -1.4 0 180) (size 1.25 1.75) (layers Bottom B.Paste B.Mask) (roundrect_rratio 0.2)
      (net 8 "Net-(J2-PadR)"))
    (pad 2 smd roundrect (at 1.4 0 180) (size 1.25 1.75) (layers Bottom B.Paste B.Mask) (roundrect_rratio 0.2)
      (net 7 "Net-(J2-PadT)"))
    (model ${KISYS3DMOD}/Resistor_SMD.3dshapes/R_1206_3216Metric.wrl
      (at (xyz 0 0 0))
      (scale (xyz 1 1 1))
      (rotate (xyz 0 0 0))
    )
  )

  (module Resistor_SMD:R_1206_3216Metric (layer Bottom) (tedit 5B301BBD) (tstamp 5C8C1D09)
    (at 129.25 107.4 270)
    (descr "Resistor SMD 1206 (3216 Metric), square (rectangular) end terminal, IPC_7351 nominal, (Body size source: http://www.tortai-tech.com/upload/download/2011102023233369053.pdf), generated with kicad-footprint-generator")
    (tags resistor)
    (path /5C5D3583)
    (attr smd)
    (fp_text reference R9 (at 0 1.82 270) (layer B.SilkS)
      (effects (font (size 1 1) (thickness 0.15)) (justify mirror))
    )
    (fp_text value 100k (at 0 -1.82 270) (layer B.Fab)
      (effects (font (size 1 1) (thickness 0.15)) (justify mirror))
    )
    (fp_line (start -1.6 -0.8) (end -1.6 0.8) (layer B.Fab) (width 0.1))
    (fp_line (start -1.6 0.8) (end 1.6 0.8) (layer B.Fab) (width 0.1))
    (fp_line (start 1.6 0.8) (end 1.6 -0.8) (layer B.Fab) (width 0.1))
    (fp_line (start 1.6 -0.8) (end -1.6 -0.8) (layer B.Fab) (width 0.1))
    (fp_line (start -0.602064 0.91) (end 0.602064 0.91) (layer B.SilkS) (width 0.12))
    (fp_line (start -0.602064 -0.91) (end 0.602064 -0.91) (layer B.SilkS) (width 0.12))
    (fp_line (start -2.28 -1.12) (end -2.28 1.12) (layer B.CrtYd) (width 0.05))
    (fp_line (start -2.28 1.12) (end 2.28 1.12) (layer B.CrtYd) (width 0.05))
    (fp_line (start 2.28 1.12) (end 2.28 -1.12) (layer B.CrtYd) (width 0.05))
    (fp_line (start 2.28 -1.12) (end -2.28 -1.12) (layer B.CrtYd) (width 0.05))
    (fp_text user %R (at 0 0 270) (layer B.Fab)
      (effects (font (size 0.8 0.8) (thickness 0.12)) (justify mirror))
    )
    (pad 1 smd roundrect (at -1.4 0 270) (size 1.25 1.75) (layers Bottom B.Paste B.Mask) (roundrect_rratio 0.2)
      (net 47 "Net-(R9-Pad1)"))
    (pad 2 smd roundrect (at 1.4 0 270) (size 1.25 1.75) (layers Bottom B.Paste B.Mask) (roundrect_rratio 0.2)
      (net 3 +3V3))
    (model ${KISYS3DMOD}/Resistor_SMD.3dshapes/R_1206_3216Metric.wrl
      (at (xyz 0 0 0))
      (scale (xyz 1 1 1))
      (rotate (xyz 0 0 0))
    )
  )

  (module Package_TO_SOT_SMD:SOT-223-3_TabPin2 (layer Bottom) (tedit 5A02FF57) (tstamp 5C8C2CAE)
    (at 134.75 105.75 270)
    (descr "module CMS SOT223 4 pins")
    (tags "CMS SOT")
    (path /5C5D31BC)
    (attr smd)
    (fp_text reference U1 (at 5.75 0) (layer B.SilkS)
      (effects (font (size 1 1) (thickness 0.15)) (justify mirror))
    )
    (fp_text value AP7361C-33E (at 0 -4.5 270) (layer B.Fab)
      (effects (font (size 1 1) (thickness 0.15)) (justify mirror))
    )
    (fp_line (start 1.85 3.35) (end 1.85 -3.35) (layer B.Fab) (width 0.1))
    (fp_line (start -1.85 -3.35) (end 1.85 -3.35) (layer B.Fab) (width 0.1))
    (fp_line (start -4.1 3.41) (end 1.91 3.41) (layer B.SilkS) (width 0.12))
    (fp_line (start -0.85 3.35) (end 1.85 3.35) (layer B.Fab) (width 0.1))
    (fp_line (start -1.85 -3.41) (end 1.91 -3.41) (layer B.SilkS) (width 0.12))
    (fp_line (start -1.85 2.35) (end -1.85 -3.35) (layer B.Fab) (width 0.1))
    (fp_line (start -1.85 2.35) (end -0.85 3.35) (layer B.Fab) (width 0.1))
    (fp_line (start -4.4 3.6) (end -4.4 -3.6) (layer B.CrtYd) (width 0.05))
    (fp_line (start -4.4 -3.6) (end 4.4 -3.6) (layer B.CrtYd) (width 0.05))
    (fp_line (start 4.4 -3.6) (end 4.4 3.6) (layer B.CrtYd) (width 0.05))
    (fp_line (start 4.4 3.6) (end -4.4 3.6) (layer B.CrtYd) (width 0.05))
    (fp_line (start 1.91 3.41) (end 1.91 2.15) (layer B.SilkS) (width 0.12))
    (fp_line (start 1.91 -3.41) (end 1.91 -2.15) (layer B.SilkS) (width 0.12))
    (fp_text user %R (at 0 0 180) (layer B.Fab)
      (effects (font (size 0.8 0.8) (thickness 0.12)) (justify mirror))
    )
    (pad 1 smd rect (at -3.15 2.3 270) (size 2 1.5) (layers Bottom B.Paste B.Mask)
      (net 2 VBUS))
    (pad 3 smd rect (at -3.15 -2.3 270) (size 2 1.5) (layers Bottom B.Paste B.Mask)
      (net 3 +3V3))
    (pad 2 smd rect (at -3.15 0 270) (size 2 1.5) (layers Bottom B.Paste B.Mask)
      (net 1 GND))
    (pad 2 smd rect (at 3.15 0 270) (size 2 3.8) (layers Bottom B.Paste B.Mask)
      (net 1 GND))
    (model ${KISYS3DMOD}/Package_TO_SOT_SMD.3dshapes/SOT-223.wrl
      (at (xyz 0 0 0))
      (scale (xyz 1 1 1))
      (rotate (xyz 0 0 0))
    )
  )

  (module Package_SO:SOP-4_3.8x4.1mm_P2.54mm (layer Bottom) (tedit 5A02F25C) (tstamp 5C8C1F2C)
    (at 125.75 97.5)
    (descr "Specialized footprint for IXYS CPC1017N solid state relay similar to SO-4 http://www.ixysic.com/home/pdfs.nsf/www/CPC1017N.pdf/$file/CPC1017N.pdf")
    (tags "SO SOIC 2.54")
    (path /5C5E29F5)
    (attr smd)
    (fp_text reference U2 (at 0 3.5) (layer B.SilkS)
      (effects (font (size 1 1) (thickness 0.15)) (justify mirror))
    )
    (fp_text value "CPC1017N (NO)" (at 0 -3.5) (layer B.Fab)
      (effects (font (size 1 1) (thickness 0.15)) (justify mirror))
    )
    (fp_line (start -1.905 1.0445) (end -0.905 2.0445) (layer B.Fab) (width 0.1))
    (fp_line (start 2 -0.75) (end 2 0.75) (layer B.SilkS) (width 0.12))
    (fp_line (start -2 -0.75) (end -2 0.75) (layer B.SilkS) (width 0.12))
    (fp_line (start -1.905 -2.0445) (end -1.905 1.0445) (layer B.Fab) (width 0.1))
    (fp_line (start 1.905 -2.0445) (end 1.905 2.0445) (layer B.Fab) (width 0.1))
    (fp_line (start -1.905 -2.0445) (end 1.905 -2.0445) (layer B.Fab) (width 0.1))
    (fp_line (start 3.73 2.3) (end 3.73 -2.3) (layer B.CrtYd) (width 0.05))
    (fp_line (start 3.73 -2.3) (end -3.73 -2.3) (layer B.CrtYd) (width 0.05))
    (fp_line (start -3.73 -2.3) (end -3.73 2.3) (layer B.CrtYd) (width 0.05))
    (fp_line (start -3.73 2.3) (end 3.73 2.3) (layer B.CrtYd) (width 0.05))
    (fp_line (start -2 1.8) (end -2 2.15) (layer B.SilkS) (width 0.12))
    (fp_line (start -2 2.15) (end 2 2.15) (layer B.SilkS) (width 0.12))
    (fp_line (start 2 2.15) (end 2 1.8) (layer B.SilkS) (width 0.12))
    (fp_line (start -2 1.8) (end -3.6 1.8) (layer B.SilkS) (width 0.12))
